
//Implementation using Tensforflow

import tensorflow as tf
import numpy as np

a = tf.random.uniform(shape=[16, 16], minval=0.0, maxval=101.0, dtype=tf.float32)
b = tf.random.uniform(shape=[16, 16], minval=0.0, maxval=101.0, dtype=tf.float32)

print("Addition:\n",tf.add(a,b))
print("\nSubtraction:\n",tf.subtract(a,b))
print("\nMultiplication(element-wise:\n",tf.matmul(a,b))
print("\nDivision:\n",tf.divide(a,b))
print("\nMean of A:\n",tf.reduce_mean(a))
print("\nMax of B:\n",tf.reduce_max(b))
print("\nTranspose of A :\n",tf.transpose(a))

Addition:
 tf.Tensor(
[[144.74384  149.49078  139.88687  148.98735   47.389454  43.766407
  113.10451  123.555695 193.87311  164.26917  106.66489  135.3588
   32.01493  140.13156  115.79173  180.20831 ]
 [134.12816  149.02235   83.89966   55.48987  116.32415   30.065237
   95.76459   98.94653  101.16552   37.02399  102.65338  130.2423
   74.56345   49.498573  94.41732  122.26436 ]
 [167.20131  117.39897   96.74388  103.25459   57.982452  90.86127
   82.50468   44.678436 127.451126  47.890553  83.08775  131.08415
  179.87418   66.87148   68.49607   93.56792 ]
 [ 93.33636  139.53885  100.916275  65.756096  58.610744 102.91869
   83.38829   65.996826  67.81149   99.11929  110.97812  107.51674
  175.16641   74.6037    73.70795  145.1216  ]
 [ 65.711426  94.04648  130.82735   99.363235 135.95885   96.32999
   62.123596  57.70038   35.42635  159.13129  114.38906  168.53723
   10.914843  90.92368   81.27518  118.02763 ]
 [ 88.90361   32.227814  28.98071   49.257965 121.42195  101.11717
   59.115517  67.84286  150.96573  179.59033   30.845257 174.14578
  182.38565  139.73016  115.642975  58.80298 ]
 [112.64522   63.9727   107.85748   72.05328   86.52695   99.91822
  133.12177  105.896355  86.852    108.63504  149.62897   54.022923
  149.46048  115.43347  108.88636  171.51088 ]
 [ 76.78204   41.405323 157.62532   76.8407    41.763954 100.16981
   77.03783   90.64974   94.427765 131.57863   29.18768   28.515888
   61.13882  106.36957   58.815506  62.924774]
 [ 94.66182   64.14828  131.07526   31.750036  96.49744  117.302864
   96.35524  164.04605  123.158844 103.71988   76.326385 121.01906
  102.22731  112.095764 138.0489    42.942757]
 [ 25.082064  94.14197   99.114746 104.85672   88.103546 111.514626
   70.96446  103.404915  76.01535  103.20483  129.69165   86.185974
   30.475662  92.02885  100.10063  127.225266]
 [115.77966   74.311935  41.23958  107.46747   68.71964  102.28978
   68.76759  115.80966  118.77998  120.665054  87.31047   87.68938
   37.229515 164.17813  135.86816   86.97879 ]
 [121.431625 166.7803   184.44662   48.70384   91.74192  101.28207
  136.09445  130.45425  106.33156  126.38914  122.441444  18.754154
  106.1615   112.81151   72.64669   56.63446 ]
 [ 99.90202  170.7651    52.602825 145.96698  165.52606   59.694176
  141.07555   16.881947  37.70437  107.11832   55.786087 117.56402
  107.05012   24.029346  91.88735   31.301517]
 [ 78.61963  110.13958  183.96295   88.61769   94.68629   41.69466
   61.46406   64.48992   66.26588  129.03238  147.39966  134.87643
  120.25598  117.40546   74.82505  140.79897 ]
 [103.462814 101.087326 137.46745  162.41162  138.24103  118.45478
   30.360666 132.19395  110.944885 108.30918  153.67094   71.10484
   48.088287 195.00793   40.11023  158.53766 ]
 [109.96408   77.86928  158.48186   24.448982  97.25418   95.21324
  103.10833   78.651085  48.626278  73.36988   39.94157   49.79092
  107.593094  54.74687   14.931951  97.35544 ]], shape=(16, 16), dtype=float32)

Subtraction:
 tf.Tensor(
[[-19.898457   -22.290455    14.784645    -3.0502625  -35.00275
   -9.952042    79.13263    -36.76436     -4.2614975   27.308327
  -52.139694     2.9588394  -25.972445    -2.9981384   43.77747
  -18.982613  ]
 [-60.03828    -46.254772     8.298786   -25.582788    64.800255
   -6.667444    93.978195    96.76996     60.9647      33.38676
   37.333828   -68.28865    -15.581106   -21.161072   -35.889412
   73.12219   ]
 [-32.02205     13.934589    32.37451     44.337543    25.507551
  -48.13045     42.43656      7.959675    41.601612   -24.531506
  -33.627876   -41.79805     11.1128845  -55.345917    11.104439
  -92.61363   ]
 [ 60.571144     7.748909   -75.60164    -10.866983    39.94109
   57.75544    -37.769382    34.125305    -9.114107   -23.800549
   34.198517     5.5784264    6.926033   -58.197056    16.050781
  -35.82667   ]
 [-40.686577    71.52678     68.96895     18.736263   -15.261425
  -67.58847    -44.088287   -32.475082    20.024605   -35.862236
   77.12626    -30.640945    -2.666698   -74.341835    52.269733
   26.679585  ]
 [ 18.929504   -16.848583   -11.617962   -12.018755   -23.05371
   27.464352    46.15091     64.11805     -3.2180405   13.408241
   -9.178836   -12.731712    17.528938    13.578075    54.627426
   28.791727  ]
 [  0.8130913   37.422337   -71.837265   -27.879795    18.850899
   63.231606    61.523495   -63.89086    -71.47527    -51.09729
  -36.61196     23.295887   -21.64846     17.147106    71.39881
    0.6524811 ]
 [-72.245514   -31.545992     7.698944    31.92622    -27.372688
    7.497467   -19.747139    -1.0660095   -7.282406    55.82875
  -15.920025     9.600422    42.002346   -84.617035   -49.70346
   -5.960808  ]
 [ 46.440445   -14.943342    43.413414   -25.574747   -69.82677
  -35.92501    -63.063843     6.8331985   47.600616   -52.31456
  -54.385452   -41.660984    76.6033     -70.71573    -57.92328
   -1.7859249 ]
 [ 11.575991   -69.578705    -1.498333   -20.830185    29.696445
  -55.495766    -3.2808266  -40.459526   -10.749062   -27.24456
   -1.8944206   -4.5085106   11.546903   -74.9795     -15.003925
  -44.78119   ]
 [ 65.38379    -25.118315   -24.28704     67.41635     11.323004
   96.96124     53.71468    -31.273056    21.373505   -44.797787
   41.861115    19.204971   -33.359337   -19.39978    -10.179913
   32.929955  ]
 [-74.49678     26.386177   -12.900047   -45.0852     -68.93392
   82.153465    22.112663     7.573948    30.07462     63.194237
  -10.642281    17.513416    17.149261    16.090717    51.720207
   -9.511625  ]
 [-56.823254    -3.2410507  -44.525455   -10.396896     1.1869888
   45.00605     22.582981     9.366301     3.0430965   10.144371
  -37.764557    35.5707      72.99818     13.790726   -32.014244
  -14.736141  ]
 [  8.93124     86.75472     -0.47894287  68.952484   -23.29715
  -29.80057    -60.930347   -49.71255     11.152216   -28.042046
    8.501633     4.7203217  -30.276321   -31.314068    64.65179
   -9.711136  ]
 [ 22.154865    19.313187    -6.2614136   23.075996    44.366005
   18.432732   -25.901094    25.477463     2.741108    77.92077
   27.719158   -70.41824     17.475418     2.336296    32.650208
    7.747345  ]
 [ 76.29437    -34.08503      6.5185547  -21.95607     58.66515
   31.108227   -89.7156     -71.68693    -47.495373    65.16337
  -23.906921   -31.989864   -39.777355    -1.4478264   -2.289565
   -2.1954803 ]], shape=(16, 16), dtype=float32)

Multiplication(element-wise:
 tf.Tensor(
[[47362.664 50363.63  62682.066 39807.508 39202.605 39814.777 42717.32
  52956.332 46590.273 48163.906 54952.215 51493.246 45949.35  64307.758
  34520.73  60463.242]
 [43328.484 38843.223 48900.043 31917.994 36808.17  34559.203 38438.836
  46536.812 37702.855 45082.04  39438.28  43598.11  33606.01  55545.848
  33448.125 42954.55 ]
 [44424.992 41894.78  42184.87  34630.867 35667.367 26605.264 29913.46
  31176.432 32474.457 39954.973 38942.195 43102.453 30972.953 44278.055
  31873.717 40198.176]
 [44128.387 45651.16  43078.273 35877.996 38853.25  25739.496 29599.55
  34663.41  36919.402 41249.203 35294.113 44427.773 31006.613 47905.234
  32288.371 36807.984]
 [39939.71  42807.254 41770.37  29672.697 28914.764 30528.37  28850.215
  35341.617 30794.549 34976.277 34244.953 45065.883 34412.023 50294.68
  27728.062 42242.773]
 [44394.66  44844.84  55867.824 41143.02  48491.746 36689.14  41712.97
  45708.95  40579.55  49848.883 47898.375 46077.65  32812.11  58255.57
  32174.496 47613.363]
 [42433.984 39884.246 51283.902 36600.516 39298.273 27904.068 33522.438
  41548.613 41441.676 44870.613 42479.504 46755.332 40802.703 51226.348
  25029.637 46231.34 ]
 [25798.418 29408.076 29755.94  22548.768 22744.977 25568.67  23600.53
  22505.129 24284.686 29861.926 26937.404 29508.707 25595.922 34324.16
  22915.346 31698.457]
 [42466.26  37287.145 37565.363 30189.096 34648.8   28491.088 28636.082
  30348.234 31913.855 34624.04  35115.145 38204.47  25161.479 43410.23
  30151.252 35005.383]
 [27623.596 27432.568 32140.46  22733.084 24925.588 23137.277 23646.508
  28512.43  25098.037 31695.7   26208.314 30796.068 24181.293 38813.38
  20458.234 31016.234]
 [39357.5   41411.79  54728.336 34982.273 40694.1   32365.547 36655.477
  46235.617 45967.617 52554.277 44332.137 49616.6   42709.58  61530.07
  30253.35  49893.98 ]
 [48734.867 46436.81  49110.184 37282.008 41157.57  37452.223 31712.145
  40560.93  42392.016 48458.438 46262.7   54078.418 40628.67  59576.95
  38834.527 47809.46 ]
 [40922.38  39661.426 43192.44  34638.08  36944.586 25110.172 29322.057
  29200.598 29191.56  40366.453 35963.203 40169.25  31016.605 40984.992
  26040.963 37186.145]
 [45303.18  49507.81  47992.81  34276.754 33269.977 30145.682 32848.766
  36509.    33413.785 37475.004 39891.273 49212.273 37635.71  51768.21
  30951.541 46862.87 ]
 [45524.08  50941.17  56629.195 37670.332 42620.844 43771.508 42950.34
  47636.85  43849.42  58494.242 44655.26  62490.934 44572.387 70947.125
  39411.324 57138.97 ]
 [31220.37  30029.523 26798.244 25340.32  25143.889 26641.5   19876.457
  25110.77  27138.951 32531.844 27113.164 38318.996 24622.748 34753.152
  17944.875 34918.2  ]], shape=(16, 16), dtype=float32)

Division:
 tf.Tensor(
[[7.58282542e-01 7.40478575e-01 1.23636103e+00 9.59874868e-01
  1.50338277e-01 6.29473984e-01 5.65871382e+00 5.41362941e-01
  9.56983805e-01 1.39877570e+00 3.43347698e-01 1.04469550e+00
  1.04203507e-01 9.58105981e-01 2.21580005e+00 8.09402823e-01]
 [3.81579220e-01 5.26265323e-01 1.21954215e+00 3.68892282e-01
  3.51534772e+00 6.36974812e-01 1.06215454e+02 8.99197693e+01
  4.03300810e+00 1.93583469e+01 2.14311337e+00 3.12060356e-01
  6.54308438e-01 4.01042223e-01 4.49154913e-01 3.97594523e+00]
 [6.78531170e-01 1.26936018e+00 2.00589800e+00 2.50508380e+00
  2.57090855e+00 3.07434231e-01 3.11822128e+00 1.43354809e+00
  1.96917534e+00 3.22540522e-01 4.23763961e-01 5.16456306e-01
  1.13169944e+00 9.43038166e-02 1.38697064e+00 5.12552029e-03]
 [4.69728374e+00 1.11759484e+00 1.43411130e-01 7.16352224e-01
  5.27871752e+00 3.55762935e+00 3.76525104e-01 3.14142919e+00
  7.63040960e-01 6.12746835e-01 1.89082301e+00 1.10944712e+00
  1.08233500e+00 1.23543270e-01 1.55676627e+00 6.04012012e-01]
 [2.35200360e-01 7.35237169e+00 3.22989750e+00 1.46476412e+00
  7.98156381e-01 1.75340354e-01 1.69805005e-01 2.79735684e-01
  3.60030341e+00 6.32169962e-01 5.13958406e+00 6.92326307e-01
  6.07305527e-01 1.00334577e-01 4.60413313e+00 1.58413041e+00]
 [1.54104316e+00 3.13373238e-01 4.27667886e-01 6.07721984e-01
  6.80863738e-01 1.74577868e+00 8.11952496e+00 3.54275589e+01
  9.58257079e-01 1.16136801e+00 5.41334450e-01 8.63742709e-01
  1.21265662e+00 1.21526515e+00 2.79060698e+00 2.91872907e+00]
 [1.01454127e+00 3.81897020e+00 2.00452253e-01 4.42030668e-01
  1.55709219e+00 4.44712114e+00 2.71857476e+00 2.47400776e-01
  9.71198753e-02 3.60213548e-01 6.06832266e-01 2.51631212e+00
  7.46962845e-01 1.34892130e+00 4.80920124e+00 1.00763774e+00]
 [3.04408893e-02 1.35149479e-01 1.10270298e+00 2.42164469e+00
  2.08156824e-01 1.16180599e+00 5.91937900e-01 9.76754069e-01
  8.56800854e-01 2.47402883e+00 2.94132769e-01 2.01508689e+00
  5.38976860e+00 1.13895595e-01 8.39673430e-02 8.26936007e-01]
 [2.92613506e+00 6.22125804e-01 1.99047470e+00 1.07724622e-01
  1.60353467e-01 5.31090379e-01 2.08829418e-01 1.08692920e+00
  2.25997186e+00 3.29448581e-01 1.67857304e-01 4.87816900e-01
  6.97902346e+00 2.26353541e-01 4.08862233e-01 9.20144081e-01]
 [2.71419048e+00 1.50031477e-01 9.70215917e-01 6.68538511e-01
  2.01687789e+00 3.35421413e-01 9.11621988e-01 4.37532604e-01
  7.52224207e-01 5.82296848e-01 9.71206367e-01 9.00578082e-01
  2.22003794e+00 1.02086760e-01 7.39299178e-01 4.79308039e-01]
 [3.59480691e+00 4.94755089e-01 2.58712262e-01 4.36651611e+00
  1.39455283e+00 3.73932304e+01 8.13677979e+00 5.74755549e-01
  1.43885183e+00 4.58515465e-01 2.84209943e+00 1.56085682e+00
  5.48271015e-02 7.88648009e-01 8.60595047e-01 2.21852612e+00]
 [2.39550978e-01 1.37588716e+00 8.69265139e-01 3.85827534e-02
  1.41950369e-01 9.58959484e+00 1.38800347e+00 1.12327361e+00
  1.78877068e+00 2.99997878e+00 8.40066373e-01 2.92306843e+01
  1.38532364e+00 1.33272517e+00 5.94303846e+00 7.12405503e-01]
 [2.74868071e-01 9.62747872e-01 8.31618533e-02 8.67016673e-01
  1.01444566e+00 7.12822247e+00 1.38117135e+00 3.49248004e+00
  1.17559063e+00 1.20921850e+00 1.92639336e-01 1.86764884e+00
  5.28745985e+00 3.69386387e+00 4.83231097e-01 3.59822303e-01]
 [1.25631928e+00 8.41973305e+00 9.94806588e-01 8.01263714e+00
  6.05077624e-01 1.66362032e-01 4.36061807e-03 1.29396215e-01
  1.40469885e+00 6.42945766e-01 1.12241542e+00 1.07253325e+00
  5.97743213e-01 5.78884244e-01 1.37101336e+01 8.70957017e-01]
 [1.54496193e+00 1.47235441e+00 9.12871897e-01 1.33122897e+00
  1.94521415e+00 1.36857331e+00 7.92646855e-02 1.47747934e+00
  1.05066562e+00 6.12831974e+00 1.44015503e+00 4.85151168e-03
  2.14170408e+00 1.02425158e+00 9.75338173e+00 1.10275650e+00]
 [5.53192806e+00 3.91090363e-01 1.08579111e+00 5.37206717e-02
  4.04050922e+00 1.97053957e+00 6.94557279e-02 4.63233516e-02
  1.17653627e-02 1.68808956e+01 2.51135886e-01 2.17667952e-01
  4.60171908e-01 9.48471069e-01 7.34104097e-01 9.55892324e-01]], shape=(16, 16), dtype=float32)

Mean of A:
 tf.Tensor(48.663258, shape=(), dtype=float32)

Max of B:
 tf.Tensor(99.61168, shape=(), dtype=float32)

Transpose of A :
 tf.Tensor(
[[62.422688   37.04494    67.58963    76.95375    12.512424   53.916557
  56.729156    2.2682657  70.55113    18.329027   90.581726   23.46742
  21.539387   43.775436   62.808838   93.12923   ]
 [63.600163   51.383793   65.66678    73.643875   82.78663     7.689615
  50.697517    4.929666   24.602468   12.281628   24.596811   96.583244
  83.762024   98.44715    60.200256   21.892126  ]
 [77.33576    46.09922    64.5592     12.657316   99.89815     8.681374
  18.010109   82.66213    87.24433    48.808205    8.47627    85.77329
   4.038684   91.742004   65.60302    82.500206  ]
 [72.968544   14.953539   73.79607    27.444555   59.04975    18.619604
  22.086742   54.38346     3.0876453  42.013268   87.44191     1.8093197
  67.78504    78.78509    92.74381     1.2464553 ]
 [ 6.193351   90.5622     41.745003   49.275917   60.348713   49.18412
  52.688923    7.195632   13.335332   58.899994   40.021324   11.403997
  83.35653    35.69457    91.30352    77.95966   ]
 [16.907183   11.698896   21.365406   80.33707    14.37076    64.290764
  81.57491    53.833637   40.688927   28.009432   99.62551    91.717766
  52.350113    5.947046   68.443756   63.160736  ]
 [96.11857    94.87139    62.47062    22.809452    9.017654   52.633213
  97.32263    28.645344   16.645697   33.84182    61.24114    79.10356
  81.82926     0.26685762  2.2297854   6.6963634 ]
 [43.395668   97.858246   26.319056   50.061066   12.612647   65.98045
  21.002745   44.791866   85.43963    31.472692   42.268303   69.0141
  13.124124    7.388684   78.83571     3.4820802 ]
 [94.80581    81.06511    84.52637    29.348692   27.725477   73.87385
   7.6883626  43.57268    85.37973    32.633144   70.076744   68.20309
  20.373732   38.709045   56.843       0.56545305]
 [95.78874    35.205376   11.679524   37.659374   61.63453    96.49929
  28.768875   93.70369    25.702662   37.980133   37.933636   94.79169
  58.631344   50.49517    93.114975   69.266624  ]
 [27.262594   69.99361    24.729939   72.58832    95.75766    10.833211
  56.5085      6.633827   10.9704685  63.898617   64.58579    55.899582
   9.010767   77.950645   90.69505     8.0173235 ]
 [69.15882    30.97682    44.64305    56.54758    68.94814    80.70703
  38.659405   19.058155   39.679035   40.83873    53.447174   18.133785
  76.56736    69.79838     0.34330046  8.900528  ]
 [ 3.021244   29.491175   95.49353    91.04623     4.1240726  99.95729
  63.906006   51.570583   89.415306   21.011282    1.935091   61.65538
  90.02415    44.98983    32.781853   33.90787   ]
 [68.56671    14.168751    5.7627835   8.20332     8.290923   76.65412
  66.29029    10.8762665  20.690014    8.524671   72.389175   64.45111
  18.910036   43.045696   98.67211    26.64952   ]
 [79.7846     29.263954   39.800255   44.879364   66.77245    85.1352
  90.142586    4.5560246  40.062813   42.548355   62.844128   62.18345
  29.936552   69.73842    36.38022     6.3211927 ]
 [80.612854   97.693275    0.47713864 54.647465   72.35361    43.79735
  86.08168    28.481983   20.578415   41.22204    59.954372   23.561419
   8.282688   65.543915   83.1425     47.57998   ]], shape=(16, 16), dtype=float32)


c=tf.eye(num_rows=16,dtype=tf.float32)
print("\nBroadcasted Add:\n",a+c)


Broadcasted Add:
 tf.Tensor(
[[63.422688   63.600163   77.33576    72.968544    6.193351   16.907183
  96.11857    43.395668   94.80581    95.78874    27.262594   69.15882
   3.021244   68.56671    79.7846     80.612854  ]
 [37.04494    52.383793   46.09922    14.953539   90.5622     11.698896
  94.87139    97.858246   81.06511    35.205376   69.99361    30.97682
  29.491175   14.168751   29.263954   97.693275  ]
 [67.58963    65.66678    65.5592     73.79607    41.745003   21.365406
  62.47062    26.319056   84.52637    11.679524   24.729939   44.64305
  95.49353     5.7627835  39.800255    0.47713864]
 [76.95375    73.643875   12.657316   28.444555   49.275917   80.33707
  22.809452   50.061066   29.348692   37.659374   72.58832    56.54758
  91.04623     8.20332    44.879364   54.647465  ]
 [12.512424   82.78663    99.89815    59.04975    61.348713   14.37076
   9.017654   12.612647   27.725477   61.63453    95.75766    68.94814
   4.1240726   8.290923   66.77245    72.35361   ]
 [53.916557    7.689615    8.681374   18.619604   49.18412    65.290764
  52.633213   65.98045    73.87385    96.49929    10.833211   80.70703
  99.95729    76.65412    85.1352     43.79735   ]
 [56.729156   50.697517   18.010109   22.086742   52.688923   81.57491
  98.32263    21.002745    7.6883626  28.768875   56.5085     38.659405
  63.906006   66.29029    90.142586   86.08168   ]
 [ 2.2682657   4.929666   82.66213    54.38346     7.195632   53.833637
  28.645344   45.791866   43.57268    93.70369     6.633827   19.058155
  51.570583   10.8762665   4.5560246  28.481983  ]
 [70.55113    24.602468   87.24433     3.0876453  13.335332   40.688927
  16.645697   85.43963    86.37973    25.702662   10.9704685  39.679035
  89.415306   20.690014   40.062813   20.578415  ]
 [18.329027   12.281628   48.808205   42.013268   58.899994   28.009432
  33.84182    31.472692   32.633144   38.980133   63.898617   40.83873
  21.011282    8.524671   42.548355   41.22204   ]
 [90.581726   24.596811    8.47627    87.44191    40.021324   99.62551
  61.24114    42.268303   70.076744   37.933636   65.58579    53.447174
   1.935091   72.389175   62.844128   59.954372  ]
 [23.46742    96.583244   85.77329     1.8093197  11.403997   91.717766
  79.10356    69.0141     68.20309    94.79169    55.899582   19.133785
  61.65538    64.45111    62.18345    23.561419  ]
 [21.539387   83.762024    4.038684   67.78504    83.35653    52.350113
  81.82926    13.124124   20.373732   58.631344    9.010767   76.56736
  91.02415    18.910036   29.936552    8.282688  ]
 [43.775436   98.44715    91.742004   78.78509    35.69457     5.947046
   0.26685762  7.388684   38.709045   50.49517    77.950645   69.79838
  44.98983    44.045696   69.73842    65.543915  ]
 [62.808838   60.200256   65.60302    92.74381    91.30352    68.443756
   2.2297854  78.83571    56.843      93.114975   90.69505     0.34330046
  32.781853   98.67211    37.38022    83.1425    ]
 [93.12923    21.892126   82.500206    1.2464553  77.95966    63.160736
   6.6963634   3.4820802   0.56545305 69.266624    8.0173235   8.900528
  33.90787    26.64952     6.3211927  48.57998   ]], shape=(16, 16), dtype=float32)


arr=tf.constant(np.arange(1,13),shape=(3,4))
print("\nOriginal:\n",arr)
print("\nSlice[1:3,1:3]:\n",arr[1:3,1:3])


Original:
 tf.Tensor(
[[ 1  2  3  4]
 [ 5  6  7  8]
 [ 9 10 11 12]], shape=(3, 4), dtype=int32)
Slice[1:3,1:3]:
 tf.Tensor(
[[ 6  7]
 [10 11]], shape=(2, 2), dtype=int32)


x=tf.Variable(3.0)
with tf.GradientTape() as tape:
    y=x**2+5*x+2
    grad=tape.gradient(y,x)
    print("\nGradient of y=x^2+5x+2 at x=3:",grad.numpy())



Gradient of y=x^2+5x+2 at x=3: 11.0
//

Implementation using PYTORCH

import torch
import numpy as np

A =torch.randint(low=0,high=101,size=(16,16))
B=torch.randint(low=0,high=101,size=(16,16))

print("Addition:\n",A+B)
print("\nSubtraction:\n",A-B)
print("\nMultiplication(element-wise):\n",A*B)
print("\nDivision:\n",A / B)
print("\nMean of A:\n",A.float().mean())
print("\nMax of B:\n",B.max())
print("\nTranspose of A :\n",A.T)


Addition:
 tensor([[133,  98,  42,   7,  48, 153, 132,  36,  93, 182,  95, 100, 114, 135,
         139, 123],
        [122, 111,  71, 158, 163, 111, 115,  13,  77, 129,  66,   8, 106, 159,
         141, 144],
        [ 91, 104, 129,  45, 101,  90, 185, 147, 179,  68, 107,  82,  81,  89,
          85,  94],
        [ 67,  57, 119, 136, 127,  64,  58,  81,  99, 146, 115, 126, 113, 146,
         114,  44],
        [128, 111,  56, 181, 128, 103,  72,  60, 109, 121,  90,  89,  66, 119,
          99,  65],
        [120,  70,  53,  78,  52, 113, 100, 149, 113, 169,  54, 131,  40, 135,
          61, 115],
        [163,  57, 133,  36, 181,  50, 117,  93,  39,  69, 153, 124,  81,  85,
         122,  44],
        [149,  90,  78,  78, 126, 152,  31, 131, 121,  94, 103, 111, 139,  46,
          73, 182],
        [136, 112,  50, 158,  56, 131,  98, 106, 103, 162,  91,  54,  17,  11,
         151,  53],
        [110,  40, 126,  87,  77,  54,  80,  69, 137, 186, 164,  66, 103,  26,
         112,  58],
        [ 81, 156, 115, 160,  55, 119,  51, 116, 130,  64,  96,  52, 132,  51,
         130,  69],
        [ 48,  85, 113,  82,  45, 120, 111,  97, 110,  26, 162,  88,  92, 159,
         130, 124],
        [ 41,  90, 114,  42, 119,  25,  52, 111, 135, 136,  34,  71,  39,  70,
          20, 135],
        [ 93, 111,  34, 152, 140,  49, 108, 136,  39, 114, 153,  77, 148,  76,
          92, 120],
        [108, 171,  81, 151, 126, 149,  18,  81, 133, 120,  24, 194,  47, 173,
         100,  52],
        [ 98, 133, 102,  75, 126, 130, 125, 119,  92,  43,  87,  80, 129,  86,
         136, 168]])

Subtraction:
 tensor([[-29, -22,   6,  -3, -36, -13,  46,  26, -73, -10, -95, -28,  80,  39,
          19,  23],
        [-38, -43,  71, -12,  -9, -85,  -1,   5, -25,  33,  48,   4, -30, -33,
         -21, -40],
        [-65,  24, -29, -33,  55, -80,  -9, -51,   5, -18,  29,  26,  71,   3,
         -69,  -8],
        [-35,  23,  59,   4,   1, -58,  28, -43,  69, -40,   5,   6, -81,  22,
         -58,  16],
        [  6, -65,   4,  -7, -24,  65, -12,  40,   1, -49,  68,  25,  28,  13,
          39, -39],
        [ 56,  38,  31,  66,  48,   3,  38,   5,  37, -13,  16, -27, -24,  21,
          15,  39],
        [ 31,  15, -23, -24,   7, -16,  55,  29, -37,  49,  -3,  12,  55,   9,
          58,  34],
        [ -9, -40,  74,  50,  16,  10,  11, -19,  11,  -2,  85, -11,   5, -30,
         -33,   4],
        [-50,  54,  40, -30,   6,  65,  28,  68, -57, -14,  83,  40,   3, -11,
          41, -49],
        [ 54,   8,  -6,  77,  11,  42, -26,   5, -53,  -4, -12,  -6, -59,   0,
         -34, -28],
        [ 15, -18, -75,  24,  11,  57, -37, -16,  42, -30, -54, -22,  10, -47,
          40,  35],
        [ -2, -79, -41,  42, -33, -16,  35,  61,  24,   6, -26,  58, -26,   7,
         -44, -14],
        [ 13, -50,  28, -12, -55, -19,  32,  21,  15,   0,  14, -27,  17, -40,
          10,   5],
        [  3,  -7, -10,  -6,  60,  43,  22, -44,  -7,  10, -41,  73, -26, -32,
          70, -14],
        [ 28,   5, -71, -17,  36, -49,  -4,  63, -27, -32,  22,   4,   7,  17,
         -62,  38],
        [-14,  55,  16, -21, -16, -44, -47, -23,   8,  11,  57,  20, -13,  74,
          40, -28]])

Multiplication(element-wise):
 tensor([[4212, 2280,  432,   10,  252, 5810, 3827,  155,  830, 8256,    0, 2304,
         1649, 4176, 4740, 3650],
        [3360, 2618,    0, 6205, 6622, 1274, 3306,   36, 1326, 3888,  513,   12,
         2584, 6048, 4860, 4784],
        [1014, 2560, 3950,  234, 1794,  425, 8536, 4752, 8004, 1075, 2652, 1512,
          380, 1978,  616, 2193],
        [ 816,  680, 2670, 4620, 4032,  183,  645, 1178, 1260, 4929, 3300, 3960,
         1552, 5208, 2408,  420],
        [4087, 2024,  780, 8178, 3952, 1596, 1260,  500, 2970, 3060,  869, 1824,
          893, 3498, 2070,  676],
        [2816,  864,  462,  432,  100, 3190, 2139, 5544, 2850, 7098,  665, 4108,
          256, 4446,  874, 2926],
        [6402,  756, 4290,  180, 8178,  561, 2666, 1952,   38,  590, 5850, 3808,
          884, 1786, 2880,  195],
        [5530, 1625,  152,  896, 3905, 5751,  210, 4200, 3630, 2208,  846, 3050,
         4824,  304, 1060, 8277],
        [3999, 2407,  225, 6016,  775, 3234, 2205, 1653, 1840, 6512,  348,  329,
           70,    0, 5280,  102],
        [2296,  384, 3960,  410, 1452,  288, 1431, 1184, 3990, 8645, 6688, 1080,
         1782,  169, 2847,  645],
        [1584, 6003, 1900, 6256,  726, 2728,  308, 3300, 3784,  799, 1575,  555,
         4331,   98, 3825,  884],
        [ 575,  246, 2772, 1240,  234, 3536, 2774, 1422, 2881,  160, 6392, 1095,
         1947, 6308, 3741, 3795],
        [ 378, 1400, 3053,  405, 2784,   66,  420, 2970, 4500, 4624,  240, 1078,
          308,  825,   75, 4550],
        [2160, 3068,  264, 5767, 4000,  138, 2795, 4140,  368, 3224, 5432,  150,
         5307, 1188,  891, 3551],
        [2720, 7304,  380, 5628, 3645, 4950,   77,  648, 4240, 3344,   23, 9405,
          540, 7410, 1539,  315],
        [2352, 3666, 2537, 1296, 3905, 3741, 3354, 3408, 2100,  432, 1080, 1500,
         4118,  480, 4224, 6860]])

Division:
 tensor([[6.4198e-01, 6.3333e-01, 1.3333e+00, 4.0000e-01, 1.4286e-01, 8.4337e-01,
         2.0698e+00, 6.2000e+00, 1.2048e-01, 8.9583e-01, 0.0000e+00, 5.6250e-01,
         5.7059e+00, 1.8125e+00, 1.3167e+00, 1.4600e+00],
        [5.2500e-01, 4.4156e-01,        inf, 8.5882e-01, 8.9535e-01, 1.3265e-01,
         9.8276e-01, 2.2500e+00, 5.0980e-01, 1.6875e+00, 6.3333e+00, 3.0000e+00,
         5.5882e-01, 6.5625e-01, 7.4074e-01, 5.6522e-01],
        [1.6667e-01, 1.6000e+00, 6.3291e-01, 1.5385e-01, 3.3913e+00, 5.8824e-02,
         9.0722e-01, 4.8485e-01, 1.0575e+00, 5.8140e-01, 1.7436e+00, 1.9286e+00,
         1.5200e+01, 1.0698e+00, 1.0390e-01, 8.4314e-01],
        [3.1373e-01, 2.3529e+00, 2.9667e+00, 1.0606e+00, 1.0159e+00, 4.9180e-02,
         2.8667e+00, 3.0645e-01, 5.6000e+00, 5.6989e-01, 1.0909e+00, 1.1000e+00,
         1.6495e-01, 1.3548e+00, 3.2558e-01, 2.1429e+00],
        [1.0984e+00, 2.6136e-01, 1.1538e+00, 9.2553e-01, 6.8421e-01, 4.4211e+00,
         7.1429e-01, 5.0000e+00, 1.0185e+00, 4.2353e-01, 7.1818e+00, 1.7812e+00,
         2.4737e+00, 1.2453e+00, 2.3000e+00, 2.5000e-01],
        [2.7500e+00, 3.3750e+00, 3.8182e+00, 1.2000e+01, 2.5000e+01, 1.0545e+00,
         2.2258e+00, 1.0694e+00, 1.9737e+00, 8.5714e-01, 1.8421e+00, 6.5823e-01,
         2.5000e-01, 1.3684e+00, 1.6522e+00, 2.0263e+00],
        [1.4697e+00, 1.7143e+00, 7.0513e-01, 2.0000e-01, 1.0805e+00, 5.1515e-01,
         2.7742e+00, 1.9062e+00, 2.6316e-02, 5.9000e+00, 9.6154e-01, 1.2143e+00,
         5.2308e+00, 1.2368e+00, 2.8125e+00, 7.8000e+00],
        [8.8608e-01, 3.8462e-01, 3.8000e+01, 4.5714e+00, 1.2909e+00, 1.1408e+00,
         2.1000e+00, 7.4667e-01, 1.2000e+00, 9.5833e-01, 1.0444e+01, 8.1967e-01,
         1.0746e+00, 2.1053e-01, 3.7736e-01, 1.0449e+00],
        [4.6237e-01, 2.8621e+00, 9.0000e+00, 6.8085e-01, 1.2400e+00, 2.9697e+00,
         1.8000e+00, 4.5789e+00, 2.8750e-01, 8.4091e-01, 2.1750e+01, 6.7143e+00,
         1.4286e+00, 0.0000e+00, 1.7455e+00, 3.9216e-02],
        [2.9286e+00, 1.5000e+00, 9.0909e-01, 1.6400e+01, 1.3333e+00, 8.0000e+00,
         5.0943e-01, 1.1562e+00, 4.4211e-01, 9.5789e-01, 8.6364e-01, 8.3333e-01,
         2.7160e-01, 1.0000e+00, 5.3425e-01, 3.4884e-01],
        [1.4545e+00, 7.9310e-01, 2.1053e-01, 1.3529e+00, 1.5000e+00, 2.8387e+00,
         1.5909e-01, 7.5758e-01, 1.9545e+00, 3.6170e-01, 2.8000e-01, 4.0541e-01,
         1.1639e+00, 4.0816e-02, 1.8889e+00, 3.0588e+00],
        [9.2000e-01, 3.6585e-02, 4.6753e-01, 3.1000e+00, 1.5385e-01, 7.6471e-01,
         1.9211e+00, 4.3889e+00, 1.5581e+00, 1.6000e+00, 7.2340e-01, 4.8667e+00,
         5.5932e-01, 1.0921e+00, 4.9425e-01, 7.9710e-01],
        [1.9286e+00, 2.8571e-01, 1.6512e+00, 5.5556e-01, 3.6782e-01, 1.3636e-01,
         4.2000e+00, 1.4667e+00, 1.2500e+00, 1.0000e+00, 2.4000e+00, 4.4898e-01,
         2.5455e+00, 2.7273e-01, 3.0000e+00, 1.0769e+00],
        [1.0667e+00, 8.8136e-01, 5.4545e-01, 9.2405e-01, 2.5000e+00, 1.5333e+01,
         1.5116e+00, 5.1111e-01, 6.9565e-01, 1.1923e+00, 5.7732e-01, 3.7500e+01,
         7.0115e-01, 4.0741e-01, 7.3636e+00, 7.9104e-01],
        [1.7000e+00, 1.0602e+00, 6.5789e-02, 7.9762e-01, 1.8000e+00, 5.0505e-01,
         6.3636e-01, 8.0000e+00, 6.6250e-01, 5.7895e-01, 2.3000e+01, 1.0421e+00,
         1.3500e+00, 1.2179e+00, 2.3457e-01, 6.4286e+00],
        [7.5000e-01, 2.4103e+00, 1.3721e+00, 5.6250e-01, 7.7465e-01, 4.9425e-01,
         4.5349e-01, 6.7606e-01, 1.1905e+00, 1.6875e+00, 4.8000e+00, 1.6667e+00,
         8.1690e-01, 1.3333e+01, 1.8333e+00, 7.1429e-01]])

Mean of A:
 tensor(50.7617)

Max of B:
 tensor(99)

Transpose of A :
 tensor([[ 52,  42,  13,  16,  67,  88,  97,  70,  43,  82,  48,  23,  27,  48,
          68,  42],
        [ 38,  34,  64,  40,  23,  54,  36,  25,  83,  24,  69,   3,  20,  52,
          88,  94],
        [ 24,  71,  50,  89,  30,  42,  55,  76,  45,  60,  20,  36,  71,  12,
           5,  59],
        [  2,  73,   6,  70,  87,  72,   6,  64,  64,  82,  92,  62,  15,  73,
          67,  27],
        [  6,  77,  78,  64,  52,  50,  94,  71,  31,  44,  33,   6,  32, 100,
          81,  55],
        [ 70,  13,   5,   3,  84,  58,  17,  81,  98,  48,  88,  52,   3,  46,
          50,  43],
        [ 89,  57,  88,  43,  30,  69,  86,  21,  63,  27,   7,  73,  42,  65,
           7,  39],
        [ 31,   9,  48,  19,  50,  77,  61,  56,  87,  37,  50,  79,  66,  46,
          72,  48],
        [ 10,  26,  92,  84,  55,  75,   1,  66,  23,  42,  86,  67,  75,  16,
          53,  50],
        [ 86,  81,  25,  53,  36,  78,  59,  46,  74,  91,  17,  16,  68,  62,
          44,  27],
        [  0,  57,  68,  60,  79,  35,  75,  94,  87,  76,  21,  68,  24,  56,
          23,  72],
        [ 36,   6,  54,  66,  57,  52,  68,  50,  47,  30,  15,  73,  22,  75,
          99,  50],
        [ 97,  38,  76,  16,  47,   8,  68,  72,  10,  22,  71,  33,  28,  61,
          27,  58],
        [ 87,  63,  46,  84,  66,  78,  47,   8,   0,  13,   2,  83,  15,  22,
          95,  80],
        [ 79,  60,   8,  28,  69,  38,  90,  20,  96,  39,  85,  43,  15,  81,
          19,  88],
        [ 73,  52,  43,  30,  13,  77,  39,  93,   2,  15,  52,  55,  70,  53,
          45,  70]])


C=torch.arange(1,13).reshape(3,4)
print("\nOriginal Tensor C :\n",C)
print("\nReshaped (2,6):\n",C.reshape(2,6))
print("\nConcatenation along rows:\n",torch.cat([A,B],dim=0))


Original Tensor C :
 tensor([[ 1,  2,  3,  4],
        [ 5,  6,  7,  8],
        [ 9, 10, 11, 12]])
Reshaped (2,6):
 tensor([[ 1,  2,  3,  4,  5,  6],
        [ 7,  8,  9, 10, 11, 12]])

Concatenation along rows:
 tensor([[ 52,  38,  24,   2,   6,  70,  89,  31,  10,  86,   0,  36,  97,  87,
          79,  73],
        [ 42,  34,  71,  73,  77,  13,  57,   9,  26,  81,  57,   6,  38,  63,
          60,  52],
        [ 13,  64,  50,   6,  78,   5,  88,  48,  92,  25,  68,  54,  76,  46,
           8,  43],
        [ 16,  40,  89,  70,  64,   3,  43,  19,  84,  53,  60,  66,  16,  84,
          28,  30],
        [ 67,  23,  30,  87,  52,  84,  30,  50,  55,  36,  79,  57,  47,  66,
          69,  13],
        [ 88,  54,  42,  72,  50,  58,  69,  77,  75,  78,  35,  52,   8,  78,
          38,  77],
        [ 97,  36,  55,   6,  94,  17,  86,  61,   1,  59,  75,  68,  68,  47,
          90,  39],
        [ 70,  25,  76,  64,  71,  81,  21,  56,  66,  46,  94,  50,  72,   8,
          20,  93],
        [ 43,  83,  45,  64,  31,  98,  63,  87,  23,  74,  87,  47,  10,   0,
          96,   2],
        [ 82,  24,  60,  82,  44,  48,  27,  37,  42,  91,  76,  30,  22,  13,
          39,  15],
        [ 48,  69,  20,  92,  33,  88,   7,  50,  86,  17,  21,  15,  71,   2,
          85,  52],
        [ 23,   3,  36,  62,   6,  52,  73,  79,  67,  16,  68,  73,  33,  83,
          43,  55],
        [ 27,  20,  71,  15,  32,   3,  42,  66,  75,  68,  24,  22,  28,  15,
          15,  70],
        [ 48,  52,  12,  73, 100,  46,  65,  46,  16,  62,  56,  75,  61,  22,
          81,  53],
        [ 68,  88,   5,  67,  81,  50,   7,  72,  53,  44,  23,  99,  27,  95,
          19,  45],
        [ 42,  94,  59,  27,  55,  43,  39,  48,  50,  27,  72,  50,  58,  80,
          88,  70],
        [ 81,  60,  18,   5,  42,  83,  43,   5,  83,  96,  95,  64,  17,  48,
          60,  50],
        [ 80,  77,   0,  85,  86,  98,  58,   4,  51,  48,   9,   2,  68,  96,
          81,  92],
        [ 78,  40,  79,  39,  23,  85,  97,  99,  87,  43,  39,  28,   5,  43,
          77,  51],
        [ 51,  17,  30,  66,  63,  61,  15,  62,  15,  93,  55,  60,  97,  62,
          86,  14],
        [ 61,  88,  26,  94,  76,  19,  42,  10,  54,  85,  11,  32,  19,  53,
          30,  52],
        [ 32,  16,  11,   6,   2,  55,  31,  72,  38,  91,  19,  79,  32,  57,
          23,  38],
        [ 66,  21,  78,  30,  87,  33,  31,  32,  38,  10,  78,  56,  13,  38,
          32,   5],
        [ 79,  65,   2,  14,  55,  71,  10,  75,  55,  48,   9,  61,  67,  38,
          53,  89],
        [ 93,  29,   5,  94,  25,  33,  35,  19,  80,  88,   4,   7,   7,  11,
          55,  51],
        [ 28,  16,  66,   5,  33,   6,  53,  32,  95,  95,  88,  36,  81,  13,
          73,  43],
        [ 33,  87,  95,  68,  22,  31,  44,  66,  44,  47,  75,  37,  61,  49,
          45,  17],
        [ 25,  82,  77,  20,  39,  68,  38,  18,  43,  10,  94,  15,  59,  76,
          87,  69],
        [ 14,  70,  43,  27,  87,  22,  10,  45,  60,  68,  10,  49,  11,  55,
           5,  65],
        [ 45,  59,  22,  79,  40,   3,  43,  90,  23,  52,  97,   2,  87,  54,
          11,  67],
        [ 40,  83,  76,  84,  45,  99,  11,   9,  80,  76,   1,  95,  20,  78,
          81,   7],
        [ 56,  39,  43,  48,  71,  87,  86,  71,  42,  16,  15,  30,  71,   6,
          48,  98]])
 
